name: evomining-conda
channels:
  - anaconda
  - conda-forge
  - bioconda
  - r
  - defaults
dependencies:
  - _libgcc_mutex=0.1=conda_forge
  - _openmp_mutex=4.5=2_gnu
  - binutils_impl_linux-64=2.36.1=h193b22a_2
  - blast=2.12.0=hf3cf87c_4
  - bsddb3=6.2.9=py310h5764c6d_3
  - bzip2=1.0.8=h7f98852_4
  - c-ares=1.18.1=h7f98852_0
  - ca-certificates=2022.5.18.1=ha878542_0
  - curl=7.83.1=h2283fc2_0
  - docutils=0.18.1=py310hff52083_1
  - entrez-direct=16.2=he881be0_0
  - fasttree=2.1.11=hec16e2b_1
  - gblocks=0.91b=h9ee0642_2
  - gcc=12.1.0=h9ea6d83_10
  - gcc_impl_linux-64=12.1.0=hea43390_16
  - icu=70.1=h27087fc_0
  - kernel-headers_linux-64=2.6.32=he073ed8_15
  - keyutils=1.6.1=h166bdaf_0
  - krb5=1.19.3=h08a2579_0
  - ld_impl_linux-64=2.36.1=hea4e1c9_2
  - libcurl=7.83.1=h2283fc2_0
  - libdb=6.2.32=h9c3ff4c_0
  - libedit=3.1.20191231=he28a2e2_2
  - libev=4.33=h516909a_1
  - libffi=3.4.2=h7f98852_5
  - libgcc-devel_linux-64=12.1.0=h1ec3361_16
  - libgcc-ng=12.1.0=h8d9b700_16
  - libgomp=12.1.0=h8d9b700_16
  - libiconv=1.16=h516909a_0
  - libnghttp2=1.47.0=he49606f_0
  - libnsl=2.0.0=h7f98852_0
  - libsanitizer=12.1.0=ha89aaad_16
  - libssh2=1.10.0=ha35d2d1_2
  - libstdcxx-ng=12.1.0=ha89aaad_16
  - libuuid=2.32.1=h7f98852_1000
  - libxml2=2.9.14=h22db469_0
  - libzlib=1.2.12=h166bdaf_0
  - muscle=5.1=h9f5acd7_1
  - ncurses=6.3=h27087fc_1
  - newick_utils=1.6=hec16e2b_5
  - openssl=3.0.3=h166bdaf_0
  - pcre=8.45=h9c3ff4c_0
  - pcre2=10.37=h032f7d1_0
  - perl=5.32.1=2_h7f98852_perl5
  - perl-app-cpanminus=1.7046=pl5321hd8ed1ab_0
  - perl-archive-tar=2.40=pl5321hdfd78af_0
  - perl-base=2.23=pl5321hdfd78af_2
  - perl-business-isbn=3.007=pl5321hdfd78af_0
  - perl-business-isbn-data=20210112.006=pl5321hdfd78af_0
  - perl-carp=1.50=pl5321hd8ed1ab_0
  - perl-cgi=4.54=pl5321hec16e2b_1
  - perl-common-sense=3.75=pl5321hdfd78af_0
  - perl-compress-raw-bzip2=2.103=pl5321h87f3376_0
  - perl-compress-raw-zlib=2.105=pl5321h87f3376_0
  - perl-constant=1.33=pl5321hd8ed1ab_0
  - perl-data-dumper=2.183=pl5321hec16e2b_1
  - perl-db_file=1.858=pl5321h166bdaf_0
  - perl-encode=3.17=pl5321hec16e2b_0
  - perl-encode-locale=1.05=pl5321hdfd78af_7
  - perl-env=1.04=pl5321hdfd78af_2
  - perl-exporter=5.74=pl5321hd8ed1ab_0
  - perl-exporter-tiny=1.002002=pl5321hdfd78af_0
  - perl-extutils-makemaker=7.64=pl5321hd8ed1ab_0
  - perl-file-path=2.18=pl5321hd8ed1ab_0
  - perl-file-spec=3.48_01=pl5321hdfd78af_2
  - perl-file-tee=0.07=pl5321hdfd78af_2
  - perl-file-temp=0.2304=pl5321hd8ed1ab_0
  - perl-html-parser=3.78=pl5321h9f5acd7_0
  - perl-html-tagset=3.20=pl5321hdfd78af_4
  - perl-http-date=6.05=pl5321hdfd78af_0
  - perl-http-message=6.36=pl5321hdfd78af_0
  - perl-io-compress=2.106=pl5321h87f3376_0
  - perl-io-html=1.004=pl5321hdfd78af_0
  - perl-io-zlib=1.11=pl5321hdfd78af_0
  - perl-json=4.06=pl5321hdfd78af_0
  - perl-json-xs=2.34=pl5321h9f5acd7_5
  - perl-list-moreutils=0.430=pl5321hdfd78af_0
  - perl-list-moreutils-xs=0.430=pl5321hec16e2b_1
  - perl-lwp-mediatypes=6.04=pl5321hdfd78af_1
  - perl-mime-base64=3.16=pl5321hec16e2b_2
  - perl-number-format=1.75=pl5321hdfd78af_4
  - perl-parent=0.238=pl5321hd8ed1ab_0
  - perl-pathtools=3.75=pl5321hec16e2b_3
  - perl-scalar-list-utils=1.62=pl5321hec16e2b_0
  - perl-statistics-basic=1.6611=pl5321hdfd78af_3
  - perl-time-local=1.30=pl5321hdfd78af_0
  - perl-timedate=2.33=pl5321hdfd78af_2
  - perl-types-serialiser=1.01=pl5321hdfd78af_0
  - perl-uri=5.10=pl5321hdfd78af_0
  - perl-url-encode=0.03=pl5321h9ee0642_0
  - php=8.1.5=h21223c5_0
  - python=3.10.4=h2660328_0_cpython
  - python_abi=3.10=2_cp310
  - readline=8.1.2=h0f457ee_0
  - setuptools=62.3.3=py310hff52083_0
  - sqlite=3.38.5=h4ff8645_0
  - statistics=1.0.3.5=py310h06a4308_1
  - sysroot_linux-64=2.12=he073ed8_15
  - tk=8.6.12=h27826a3_0
  - tzdata=2022a=h191b570_0
  - xz=5.2.5=h516909a_1
  - zlib=1.2.12=h166bdaf_0
  - pip:
    - pip==22.1.2
    - wheel==0.37.1
prefix: /opt/anaconda3/envs/evomining-conda
